0                       1.40
1                       2.19
2                       2.14
4                       2.14
8                       2.14
16                      2.16
32                      2.22
64                      2.33
128                     2.38
256                     2.43
512                     2.55
1024                    2.76
2048                    3.20
4096                    4.13
8192                    5.38
16384                   7.71
32768                  11.88
65536                  16.97
131072                 24.18
262144                 43.60
524288                 82.20
1048576               159.17
2097152               313.10
4194304               681.92