0                       1.34
1                       2.20
2                       2.16
4                       2.15
8                       2.16
16                      2.16
32                      2.21
64                      2.34
128                     2.38
256                     2.43
512                     2.54
1024                    2.75
2048                    3.18
4096                    4.11
8192                    5.38
16384                   7.75
32768                  10.57
65536                  14.84
131072                 24.56
262144                 43.76
524288                 82.09
1048576               158.61
2097152               311.78
4194304               682.24