0                       1.29
1                       2.16
2                       2.12
4                       2.13
8                       2.13
16                      2.14
32                      2.17
64                      2.51
128                     2.38
256                     2.44
512                     2.52
1024                    2.74
2048                    3.17
4096                    4.08
8192                    5.41
16384                   7.77
32768                  12.01
65536                  14.80
131072                 24.34
262144                 43.80
524288                 82.12
1048576               158.49
2097152               311.63
4194304               683.68
8388608              1365.86
16777216             2707.33
33554432             5387.04
67108864            10742.94
134217728           21461.47
268435456           42904.65
536870912           85767.68
1073741824         171525.18