0                       1.36
1                       2.31
2                       2.80
4                       2.79
8                       2.78
16                      2.26
32                      2.32
64                      2.99
128                     3.04
256                     3.12
512                     3.64
1024                    4.33
2048                    6.26
4096                    9.87
8192                   17.13
16384                  28.73
32768                  28.51
65536                  37.98
131072                 57.63
262144                 97.00
524288                175.45
1048576               294.06
2097152               488.99
4194304               881.59
