0                       1.49
1                       2.19
2                       2.12
4                       2.14
8                       2.12
16                      2.13
32                      2.18
64                      2.30
128                     2.34
256                     2.41
512                     2.50
1KB                  2.72
2KB                    3.14
4KB                    4.04
8KB                    5.30
16KB                   7.68
32KB                  11.87
64KB                17.05
128KB               24.16
256KB          43.55
512KB             81.98
1MB             158.94
2MB             312.82
4MB             681.02
